test, size, density, tree, frederickson, randomized, exact, even
1, 10, 0.1, path, 113464, 109496, 171205, 21277044
2, 10, 0.1, path, 123492, 131699, 165726, 43709
3, 10, 0.1, path, 101293, 136288, 144533, 43421
1, 10, 0.1, star, 187977, 116120, 135465, 110925
2, 10, 0.1, star, 118386, 120464, 133816, 112822
3, 10, 0.1, star, 130250, 121152, 136293, 118333
1, 10, 0.1, starlike, 110632, 132408, 140505, 112893
2, 10, 0.1, starlike, 119255, 119616, 134964, 43141
3, 10, 0.1, starlike, 172497, 113648, 132988, 76237
1, 10, 0.1, caterpillar, 154420, 111160, 134345, 72973
2, 10, 0.1, caterpillar, 167929, 110424, 142239, 83541
3, 10, 0.1, caterpillar, 167446, 115272, 134282, 110869
1, 10, 0.1, lobster, 170049, 110792, 135273, 72941
2, 10, 0.1, lobster, 138145, 109696, 132778, 40629
3, 10, 0.1, lobster, 175313, 109984, 134494, 73621
1, 10, 0.1, random, 95048, 125200, 129498, 53637
2, 10, 0.1, random, 121460, 129904, 138552, 63589
3, 10, 0.1, random, 169073, 111160, 134624, 63141
1, 10, 0.5, path, 211457, 134632, 171436, 53389
2, 10, 0.5, path, 159335, 135208, 162126, 53557
3, 10, 0.5, path, 147031, 128056, 161115, 45229
1, 10, 0.5, star, 264649, 116848, 153916, 143917
2, 10, 0.5, star, 183842, 117424, 160075, 151589
3, 10, 0.5, star, 169250, 134192, 154211, 150021
1, 10, 0.5, starlike, 177039, 119656, 159065, 52869
2, 10, 0.5, starlike, 227199, 118048, 159641, 151589
3, 10, 0.5, starlike, 186716, 130504, 171289, 54037
1, 10, 0.5, caterpillar, 137872, 114480, 160468, 111181
2, 10, 0.5, caterpillar, 147400, 132720, 163016, 144448
3, 10, 0.5, caterpillar, 218526, 113288, 158084, 109933
1, 10, 0.5, lobster, 305336, 113488, 159803, 110896
2, 10, 0.5, lobster, 216105, 113552, 159684, 110848
3, 10, 0.5, lobster, 138448, 133056, 158508, 136325
1, 10, 0.5, random, 233167, 115208, 163645, 111661
2, 10, 0.5, random, 220775, 121264, 163942, 57941
3, 10, 0.5, random, 265987, 112312, 160143, 86789
1, 10, 0.8, path, 156416, 122600, 176537, 55485
2, 10, 0.8, path, 159248, 146880, 178503, 55549
3, 10, 0.8, path, 165728, 111792, 179191, 55549
1, 10, 0.8, star, 193122, 124528, 167456, 150597
2, 10, 0.8, star, 197978, 123720, 168744, 158205
3, 10, 0.8, star, 200394, 124528, 169457, 160261
1, 10, 0.8, starlike, 301939, 116352, 172212, 134541
2, 10, 0.8, starlike, 198986, 124096, 168457, 157597
3, 10, 0.8, starlike, 256070, 131304, 175398, 107493
1, 10, 0.8, caterpillar, 336352, 122872, 169657, 148885
2, 10, 0.8, caterpillar, 303043, 124272, 172347, 112077
3, 10, 0.8, caterpillar, 294171, 115880, 171662, 145557
1, 10, 0.8, lobster, 178114, 122256, 164939, 144685
2, 10, 0.8, lobster, 235217, 136080, 173484, 72509
3, 10, 0.8, lobster, 155703, 135480, 178014, 51821
1, 10, 0.8, random, 197802, 125328, 171694, 67109
2, 10, 0.8, random, 223257, 122576, 177032, 67069
3, 10, 0.8, random, 154560, 119656, 171830, 121645
1, 100, 0.1, path, 11382509, 6546240, 7087433, 502125
2, 100, 0.1, path, 8344015, 9535000, 6911072, 491533
3, 100, 0.1, path, 3361721, 13387912, 7074593, 487189
1, 100, 0.1, star, 82191635, 5728664, 2112290, 6109925
2, 100, 0.1, star, 78362385, 6026320, 2073604, 6079213
3, 100, 0.1, star, 83259847, 2416840, 2108332, 6070309
1, 100, 0.1, starlike, 60482243, 3459320, 2064327, 4785269
2, 100, 0.1, starlike, 29911137, 4714888, 2569077, 1618797
3, 100, 0.1, starlike, 44498043, 3271152, 2218035, 2021069
1, 100, 0.1, caterpillar, 50491071, 3217768, 4489182, 1822581
2, 100, 0.1, caterpillar, 58075085, 3296136, 3604858, 2308485
3, 100, 0.1, caterpillar, 39033243, 5542168, 5529239, 1322357
1, 100, 0.1, lobster, 52313547, 5316832, 2536606, 2465757
2, 100, 0.1, lobster, 48318581, 3194352, 4052948, 1977392
3, 100, 0.1, lobster, 65840899, 3467568, 2246533, 3745573
1, 100, 0.1, random, 36945453, 5240624, 3405823, 1537701
2, 100, 0.1, random, 6876028, 4690528, 3700680, 1227509
3, 100, 0.1, random, 40758147, 4635872, 3322544, 1603813
1, 100, 0.5, path, 10464648, 26951616, 24137822, 1121613
2, 100, 0.5, path, 10555696, 22307224, 23991671, 1117901
3, 100, 0.5, path, 136419589, 30687424, 23710099, 1044733
1, 100, 0.5, star, 273312475, 7106728, 4588044, 8983805
2, 100, 0.5, star, 274785353, 7992200, 4589929, 12825213
3, 100, 0.5, star, 262437280, 6213088, 4527591, 20120653
1, 100, 0.5, starlike, 165176029, 8124048, 6308594, 5280981
2, 100, 0.5, starlike, 262775633, 6231248, 4581578, 9305381
3, 100, 0.5, starlike, 157462045, 11724592, 6234197, 4063157
1, 100, 0.5, caterpillar, 242115359, 7782416, 7079523, 13291400
2, 100, 0.5, caterpillar, 143395359, 7104824, 19997445, 1969045
3, 100, 0.5, caterpillar, 209233947, 5861608, 9364019, 9610397
1, 100, 0.5, lobster, 148045337, 7055424, 12233210, 5513317
2, 100, 0.5, lobster, 152708531, 4867536, 20763148, 1939880
3, 100, 0.5, lobster, 215621803, 7480600, 9166121, 9265320
1, 100, 0.5, random, 165385401, 8429552, 11059958, 3488493
2, 100, 0.5, random, 139200301, 7148328, 10500036, 3289248
3, 100, 0.5, random, 13966206, 6421832, 9033230, 3206192
1, 100, 0.8, path, 14181060, 38315736, 29356709, 1730317
2, 100, 0.8, path, 259219891, 28178152, 29386532, 1750957
3, 100, 0.8, path, 14241252, 43388224, 29607407, 1734525
1, 100, 0.8, star, 318738618, 8533520, 6033794, 9587597
2, 100, 0.8, star, 344720380, 8537272, 6059743, 9594069
3, 100, 0.8, star, 257336652, 8539208, 6069817, 9592125
1, 100, 0.8, starlike, 258502275, 9788344, 6840868, 9842293
2, 100, 0.8, starlike, 306077685, 8960616, 6332274, 14389005
3, 100, 0.8, starlike, 272148771, 42742432, 29518961, 1733709
1, 100, 0.8, caterpillar, 299420200, 12109312, 6051221, 26183501
2, 100, 0.8, caterpillar, 294877659, 8114640, 8564564, 17918373
3, 100, 0.8, caterpillar, 236114367, 10255712, 23686901, 3032512
1, 100, 0.8, lobster, 201644983, 6317992, 13456477, 5664720
2, 100, 0.8, lobster, 315498541, 5724800, 7041711, 14815704
3, 100, 0.8, lobster, 180268511, 7788056, 12318352, 6791597
1, 100, 0.8, random, 231593421, 13219208, 12408772, 5070901
2, 100, 0.8, random, 198663283, 13639688, 12155057, 4493733
3, 100, 0.8, random, 183650059, 7055408, 13553024, 5084205
