test, size, density, tree, frederickson, randomized, exact, even
1, 10, 0.1, path, 0.012369632720947266, 0.01542806625366211, 0.0978844165802002, 2.26371431350708
2, 10, 0.1, path, 0.0070285797119140625, 0.01971578598022461, 0.06405854225158691, 0.008372306823730469
3, 10, 0.1, path, 0.006034374237060547, 0.0183565616607666, 0.06698417663574219, 0.009104728698730469
1, 10, 0.1, star, 0.01024174690246582, 0.013257980346679688, 0.0621340274810791, 0.01838850975036621
2, 10, 0.1, star, 0.0063648223876953125, 0.012360572814941406, 0.06365633010864258, 0.01665782928466797
3, 10, 0.1, star, 0.006351947784423828, 0.012340068817138672, 0.06400489807128906, 0.018736839294433594
1, 10, 0.1, starlike, 0.005292177200317383, 0.012380838394165039, 0.07304215431213379, 0.022004127502441406
2, 10, 0.1, starlike, 0.006999969482421875, 0.011999368667602539, 0.06537723541259766, 0.011258125305175781
3, 10, 0.1, starlike, 0.008321046829223633, 0.011291742324829102, 0.06196165084838867, 0.01226496696472168
1, 10, 0.1, caterpillar, 0.0073757171630859375, 0.011333227157592773, 0.05982851982116699, 0.013348579406738281
2, 10, 0.1, caterpillar, 0.009291410446166992, 0.012279033660888672, 0.06357955932617188, 0.012704610824584961
3, 10, 0.1, caterpillar, 0.008319854736328125, 0.011346101760864258, 0.061625003814697266, 0.016481399536132812
1, 10, 0.1, lobster, 0.009133338928222656, 0.01203775405883789, 0.07765913009643555, 0.015198469161987305
2, 10, 0.1, lobster, 0.00799703598022461, 0.011491537094116211, 0.06649184226989746, 0.011272668838500977
3, 10, 0.1, lobster, 0.00938725471496582, 0.010343790054321289, 0.05955648422241211, 0.013364791870117188
1, 10, 0.1, random, 0.005036592483520508, 0.010255098342895508, 0.06071281433105469, 0.009238958358764648
2, 10, 0.1, random, 0.008033514022827148, 0.011401176452636719, 0.0664982795715332, 0.014408349990844727
3, 10, 0.1, random, 0.011369705200195312, 0.013204813003540039, 0.07092499732971191, 0.014247417449951172
1, 10, 0.5, path, 0.02150583267211914, 0.017900466918945312, 0.0792074203491211, 0.014325141906738281
2, 10, 0.5, path, 0.010282278060913086, 0.014748573303222656, 0.07652711868286133, 0.013797998428344727
3, 10, 0.5, path, 0.008308887481689453, 0.014516353607177734, 0.07500004768371582, 0.011038064956665039
1, 10, 0.5, star, 0.012961864471435547, 0.01699995994567871, 0.08072853088378906, 0.05116701126098633
2, 10, 0.5, star, 0.010210037231445312, 0.01554560661315918, 0.08027362823486328, 0.0489192008972168
3, 10, 0.5, star, 0.011353015899658203, 0.018443584442138672, 0.09973740577697754, 0.04475283622741699
1, 10, 0.5, starlike, 0.011613607406616211, 0.021497011184692383, 0.09246444702148438, 0.015210866928100586
2, 10, 0.5, starlike, 0.013350963592529297, 0.018306255340576172, 0.10265946388244629, 0.048532724380493164
3, 10, 0.5, starlike, 0.01263737678527832, 0.01837468147277832, 0.07931852340698242, 0.01270151138305664
1, 10, 0.5, caterpillar, 0.007424354553222656, 0.01563119888305664, 0.09495139122009277, 0.029294729232788086
2, 10, 0.5, caterpillar, 0.006999015808105469, 0.015501737594604492, 0.08663296699523926, 0.04889988899230957
3, 10, 0.5, caterpillar, 0.016552209854125977, 0.016216516494750977, 0.08223414421081543, 0.025438785552978516
1, 10, 0.5, lobster, 0.018624067306518555, 0.014276742935180664, 0.09347057342529297, 0.025632143020629883
2, 10, 0.5, lobster, 0.01322031021118164, 0.014663934707641602, 0.08349800109863281, 0.02238631248474121
3, 10, 0.5, lobster, 0.0072002410888671875, 0.01517033576965332, 0.09401106834411621, 0.032515764236450195
1, 10, 0.5, random, 0.016254901885986328, 0.022844552993774414, 0.11184573173522949, 0.03662729263305664
2, 10, 0.5, random, 0.018450260162353516, 0.021525859832763672, 0.10327410697937012, 0.01700115203857422
3, 10, 0.5, random, 0.03373289108276367, 0.027713775634765625, 0.12225008010864258, 0.021670103073120117
1, 10, 0.8, path, 0.00918436050415039, 0.027566909790039062, 0.08382511138916016, 0.016582965850830078
2, 10, 0.8, path, 0.008361339569091797, 0.022670745849609375, 0.08167505264282227, 0.013998985290527344
3, 10, 0.8, path, 0.007309675216674805, 0.015627384185791016, 0.0903468132019043, 0.020613908767700195
1, 10, 0.8, star, 0.012406587600708008, 0.015238046646118164, 0.08222413063049316, 0.046833038330078125
2, 10, 0.8, star, 0.009375810623168945, 0.014508724212646484, 0.0765984058380127, 0.04538464546203613
3, 10, 0.8, star, 0.009304285049438477, 0.015197992324829102, 0.07927703857421875, 0.04999113082885742
1, 10, 0.8, starlike, 0.019402503967285156, 0.020430803298950195, 0.08207297325134277, 0.026876449584960938
2, 10, 0.8, starlike, 0.008353948593139648, 0.01369929313659668, 0.07308101654052734, 0.04031205177307129
3, 10, 0.8, starlike, 0.014445304870605469, 0.013347864151000977, 0.07608652114868164, 0.01760244369506836
1, 10, 0.8, caterpillar, 0.019655466079711914, 0.013508796691894531, 0.07540154457092285, 0.03865385055541992
2, 10, 0.8, caterpillar, 0.027414560317993164, 0.01949477195739746, 0.07895135879516602, 0.024011611938476562
3, 10, 0.8, caterpillar, 0.020529508590698242, 0.013536930084228516, 0.07767081260681152, 0.03331279754638672
1, 10, 0.8, lobster, 0.010473012924194336, 0.018250703811645508, 0.07709884643554688, 0.026832103729248047
2, 10, 0.8, lobster, 0.014558792114257812, 0.0171663761138916, 0.09303545951843262, 0.021366596221923828
3, 10, 0.8, lobster, 0.008996963500976562, 0.018491029739379883, 0.07098221778869629, 0.020794153213500977
1, 10, 0.8, random, 0.009377002716064453, 0.015435457229614258, 0.08160185813903809, 0.011285781860351562
2, 10, 0.8, random, 0.015578031539916992, 0.020561933517456055, 0.07406163215637207, 0.012529611587524414
3, 10, 0.8, random, 0.007262229919433594, 0.015534400939941406, 0.0877838134765625, 0.029775142669677734
1, 100, 0.1, path, 0.6712892055511475, 2.7867746353149414, 1.3624191284179688, 0.34227609634399414
2, 100, 0.1, path, 0.4551515579223633, 2.6811671257019043, 1.2199680805206299, 0.32059192657470703
3, 100, 0.1, path, 0.17073392868041992, 4.526357173919678, 1.3533210754394531, 0.3404116630554199
1, 100, 0.1, star, 5.187970399856567, 1.82187819480896, 0.5865743160247803, 6.325498342514038
2, 100, 0.1, star, 4.178903579711914, 1.5167148113250732, 0.402801513671875, 6.533334255218506
3, 100, 0.1, star, 4.3267457485198975, 1.5939562320709229, 0.3746144771575928, 5.689832925796509
1, 100, 0.1, starlike, 3.6667141914367676, 1.440598726272583, 0.3320901393890381, 4.551217794418335
2, 100, 0.1, starlike, 1.5785105228424072, 2.4553287029266357, 0.43986058235168457, 0.990217924118042
3, 100, 0.1, starlike, 2.675691843032837, 1.3867707252502441, 0.370866060256958, 1.6727614402770996
1, 100, 0.1, caterpillar, 2.713059186935425, 1.5326964855194092, 0.8654153347015381, 2.6174440383911133
2, 100, 0.1, caterpillar, 3.1535956859588623, 1.9858729839324951, 1.4846062660217285, 2.900660753250122
3, 100, 0.1, caterpillar, 2.23892879486084, 1.4127089977264404, 0.9965908527374268, 1.0958468914031982
1, 100, 0.1, lobster, 3.184831380844116, 2.5623462200164795, 0.4435253143310547, 2.219975233078003
2, 100, 0.1, lobster, 2.751631498336792, 1.553133487701416, 0.9254274368286133, 2.0892693996429443
3, 100, 0.1, lobster, 3.4439072608947754, 1.51188325881958, 0.4600527286529541, 3.5713319778442383
1, 100, 0.1, random, 2.8710970878601074, 3.3212385177612305, 0.60321044921875, 1.161539077758789
2, 100, 0.1, random, 0.278580904006958, 2.7406041622161865, 0.7500073909759521, 0.699796199798584
3, 100, 0.1, random, 2.066096067428589, 1.6254241466522217, 0.620168924331665, 1.0847270488739014
1, 100, 0.5, path, 0.3093109130859375, 6.279823303222656, 10.3734290599823, 0.3934023380279541
2, 100, 0.5, path, 0.37632203102111816, 6.660198926925659, 9.899644613265991, 0.4343280792236328
3, 100, 0.5, path, 8.898347616195679, 4.204241037368774, 8.852953433990479, 0.5782914161682129
1, 100, 0.5, star, 13.840082883834839, 2.9661078453063965, 1.3253626823425293, 23.021413564682007
2, 100, 0.5, star, 13.678133726119995, 2.9445598125457764, 1.3279173374176025, 25.504387140274048
3, 100, 0.5, star, 12.799170017242432, 2.857964515686035, 1.3165388107299805, 24.680575370788574
1, 100, 0.5, starlike, 11.07106900215149, 3.30721378326416, 2.20910906791687, 6.4346301555633545
2, 100, 0.5, starlike, 15.848626136779785, 3.700284004211426, 1.4009954929351807, 20.461499452590942
3, 100, 0.5, starlike, 8.264384984970093, 3.9433341026306152, 2.089874267578125, 3.4378504753112793
1, 100, 0.5, caterpillar, 12.329667568206787, 3.072948932647705, 4.335497140884399, 16.695006370544434
2, 100, 0.5, caterpillar, 7.268004417419434, 2.6916067600250244, 7.583446979522705, 2.1856777667999268
3, 100, 0.5, caterpillar, 10.555046319961548, 2.7712435722351074, 3.285709857940674, 12.278906106948853
1, 100, 0.5, lobster, 8.845731735229492, 3.1531662940979004, 4.5040106773376465, 7.456897974014282
2, 100, 0.5, lobster, 7.681501150131226, 3.523338556289673, 7.92867636680603, 1.8741881847381592
3, 100, 0.5, lobster, 10.90534257888794, 2.9382517337799072, 3.290815591812134, 13.568397521972656
1, 100, 0.5, random, 8.41195011138916, 3.106783628463745, 4.03019118309021, 4.413370847702026
2, 100, 0.5, random, 7.226643800735474, 3.2945730686187744, 3.971548318862915, 3.826118230819702
3, 100, 0.5, random, 0.6250495910644531, 5.069970369338989, 3.2288198471069336, 4.838795900344849
1, 100, 0.8, path, 0.41532015800476074, 7.438795566558838, 14.61128568649292, 0.3826439380645752
2, 100, 0.8, path, 13.096536636352539, 6.532705307006836, 13.924773454666138, 0.5015945434570312
3, 100, 0.8, path, 0.4339025020599365, 6.97842001914978, 14.082680463790894, 0.3785243034362793
1, 100, 0.8, star, 14.402864456176758, 3.3842387199401855, 1.813647747039795, 28.79513168334961
2, 100, 0.8, star, 16.119820833206177, 3.3638710975646973, 1.8301069736480713, 30.405749082565308
3, 100, 0.8, star, 10.311302185058594, 3.3770055770874023, 1.8430068492889404, 28.648369073867798
1, 100, 0.8, starlike, 18.964200496673584, 8.651092290878296, 4.351035118103027, 19.129101514816284
2, 100, 0.8, starlike, 27.84870195388794, 8.345157623291016, 3.1099188327789307, 40.017417430877686
3, 100, 0.8, starlike, 27.574692726135254, 8.371979713439941, 30.639856338500977, 0.9855108261108398
1, 100, 0.8, caterpillar, 30.33880066871643, 9.929294109344482, 4.232793807983398, 52.59418344497681
2, 100, 0.8, caterpillar, 19.41037154197693, 4.181878566741943, 3.2195475101470947, 24.849527835845947
3, 100, 0.8, caterpillar, 12.582168579101562, 3.426790237426758, 11.164758205413818, 4.192046642303467
1, 100, 0.8, lobster, 10.821680307388306, 3.9971652030944824, 6.077252626419067, 11.034340620040894
2, 100, 0.8, lobster, 15.662161111831665, 3.9244134426116943, 2.24717378616333, 21.733298301696777
3, 100, 0.8, lobster, 10.029885053634644, 3.287259340286255, 5.0692925453186035, 7.466172933578491
1, 100, 0.8, random, 13.221019983291626, 3.950079917907715, 5.184020757675171, 5.07145881652832
2, 100, 0.8, random, 9.816500425338745, 4.948100566864014, 4.977345943450928, 4.369579315185547
3, 100, 0.8, random, 9.887872219085693, 4.169770002365112, 5.829787015914917, 5.789825201034546
